  2.03051  28.6368
  2.23356  26.2958
  2.45692  24.3016
  2.70261  22.0751
  2.97287  19.9077
  3.27016  17.7901
  3.59718  15.885
  3.95689  14.0005
  4.35258  12.3296
  4.78784  10.8173
  5.26663   9.47802
  5.79329   8.23623
  6.37262   7.15323
  7.00988   6.13916
  7.71087   5.29522
  8.48195   4.63565
  9.33015   4.04997
 10.2632    3.50731
 11.2895    3.04998
 12.4184    2.67735
 13.6603    2.34266
 15.0263    2.06488
 16.5289    1.8143
 18.1818    1.59443
 20         1.37717
 22         1.20422
 24.2       1.05968
 26.62      0.911025
 29.282     0.802247
 32.2102    0.693326
 35.4312    0.595678
 38.9743    0.52065
 42.8718    0.432478
 47.159     0.361885
 51.8748    0.301514
 57.0623    0.242965
 62.7686    0.204261
 69.0454    0.16419
 75.95      0.130747
 83.545     0.10407
 91.8995    0.082905
101.089     0.0653219
111.198     0.0535972
122.318     0.0471922
134.55      0.0404827
148.005     0.0322143
162.805     0.0262586
179.086     0.0172173
196.995     0.0143488
216.694     0.0112692
