-0.0298347 0.0954457 0
0.0298347 -0.0954457 0
-0.115296 -0.163422 0
0.115296 0.163422 0
0.19019 -0.232008 0
-0.19019 0.232008 0
0.399696 0.0156005 0
-0.399696 -0.0156005 0
0.364119 0.342663 0
-0.364119 -0.342663 0
0.137195 0.584104 0
-0.137195 -0.584104 0
-0.182627 0.675757 0
0.182627 -0.675757 0
-0.51073 0.615755 0
0.51073 -0.615755 0
-0.789647 0.431808 0
0.789647 -0.431808 0
-0.986855 0.161611 0
0.986855 -0.161611 0
-1.08869 -0.157325 0
1.08869 0.157325 0
-1.09437 -0.492295 0
1.09437 0.492295 0
-1.0112 -0.816996 0
1.0112 0.816996 0
-0.851071 -1.11161 0
0.851071 1.11161 0
-0.628078 -1.36217 0
0.628078 1.36217 0
-0.356874 -1.55969 0
0.356874 1.55969 0
-0.0516752 -1.69921 0
0.0516752 1.69921 0
0.274348 -1.77897 0
-0.274348 1.77897 0
0.609399 -1.79962 0
-0.609399 1.79962 0
0.943193 -1.76363 0
-0.943193 1.76363 0
1.26698 -1.67474 0
-1.26698 1.67474 0
1.57348 -1.53758 0
-1.57348 1.53758 0
1.85681 -1.3573 0
-1.85681 1.3573 0
2.11232 -1.13934 0
-2.11232 1.13934 0
2.33651 -0.889236 0
-2.33651 0.889236 0
2.52683 -0.612477 0
-2.52683 0.612477 0
2.68164 -0.314373 0
-2.68164 0.314373 0
2.8 3.99007e-15 0
-2.8 -3.99007e-15 0
2.88163 0.325861 0
-2.88163 -0.325861 0
2.92678 0.658755 0
-2.92678 -0.658755 0
2.93612 0.994578 0
-2.93612 -0.994578 0
2.91071 1.32958 0
-2.91071 -1.32958 0
2.85188 1.66036 0
-2.85188 -1.66036 0
2.7612 1.98387 0
-2.7612 -1.98387 0
2.64044 2.29741 0
-2.64044 -2.29741 0
2.49147 2.59857 0
-2.49147 -2.59857 0
2.31628 2.88528 0
-2.31628 -2.88528 0
2.11691 3.15574 0
-2.11691 -3.15574 0
1.89542 3.40843 0
-1.89542 -3.40843 0
1.65392 3.64205 0
-1.65392 -3.64205 0
1.39446 3.85558 0
-1.39446 -3.85558 0
1.1191 4.04816 0
-1.1191 -4.04816 0
0.829842 4.21917 0
-0.829842 -4.21917 0
0.528632 4.36813 0
-0.528632 -4.36813 0
0.217364 4.49475 0
-0.217364 -4.49475 0
-0.102137 4.59887 0
0.102137 -4.59887 0
-0.428122 4.68046 0
0.428122 -4.68046 0
-0.758916 4.73963 0
0.758916 -4.73963 0
-1.09293 4.77656 0
1.09293 -4.77656 0
-1.42864 4.79155 0
1.42864 -4.79155 0
-1.76463 4.78499 0
1.76463 -4.78499 0
-2.09954 4.7573 0
2.09954 -4.7573 0
-2.43211 4.70902 0
2.43211 -4.70902 0
-2.76115 4.6407 0
2.76115 -4.6407 0
-3.08555 4.55295 0
3.08555 -4.55295 0
-3.40429 4.44644 0
3.40429 -4.44644 0
-3.7164 4.32185 0
3.7164 -4.32185 0
-4.02101 4.17989 0
4.02101 -4.17989 0
-4.3173 4.0213 0
4.3173 -4.0213 0
-4.60454 3.84684 0
4.60454 -3.84684 0
-4.88204 3.65728 0
4.88204 -3.65728 0
-5.14919 3.45338 0
5.14919 -3.45338 0
-5.40543 3.23594 0
5.40543 -3.23594 0
-5.65028 3.00572 0
5.65028 -3.00572 0
-5.88327 2.76353 0
5.88327 -2.76353 0
-6.10403 2.51013 0
6.10403 -2.51013 0
-6.31222 2.2463 0
6.31222 -2.2463 0
-6.50754 1.97281 0
6.50754 -1.97281 0
-6.68973 1.69041 0
6.68973 -1.69041 0
-6.8586 1.39984 0
6.8586 -1.39984 0
-7.01398 1.10183 0
7.01398 -1.10183 0
-7.15574 0.797112 0
7.15574 -0.797112 0
-7.28378 0.486377 0
7.28378 -0.486377 0
-7.39804 0.170315 0
7.39804 -0.170315 0
-7.49849 -0.150403 0
7.49849 0.150403 0
-7.58513 -0.475126 0
7.58513 0.475126 0
-7.65799 -0.803217 0
7.65799 0.803217 0
-7.71712 -1.13406 0
7.71712 1.13406 0
-7.76259 -1.46705 0
7.76259 1.46705 0
-7.7945 -1.80162 0
7.7945 1.80162 0
-7.81296 -2.1372 0
7.81296 2.1372 0
-7.81812 -2.47324 0
7.81812 2.47324 0
-7.81013 -2.80924 0
7.81013 2.80924 0
-7.78916 -3.14467 0
7.78916 3.14467 0
-7.7554 -3.47906 0
7.7554 3.47906 0
-7.70903 -3.81193 0
7.70903 3.81193 0
-7.65028 -4.14284 0
7.65028 4.14284 0
-7.57937 -4.47137 0
7.57937 4.47137 0
-7.49653 -4.79709 0
7.49653 4.79709 0
-7.402 -5.11961 0
7.402 5.11961 0
-7.29603 -5.43856 0
7.29603 5.43856 0
-7.17889 -5.75357 0
7.17889 5.75357 0
-7.05083 -6.06431 0
7.05083 6.06431 0
-6.91212 -6.37044 0
6.91212 6.37044 0
-6.76305 -6.67167 0
6.76305 6.67167 0
-6.60389 -6.96768 0
6.60389 6.96768 0
-6.43493 -7.25822 0
6.43493 7.25822 0
-6.25645 -7.543 0
6.25645 7.543 0
-6.06874 -7.82179 0
6.06874 7.82179 0
-5.87209 -8.09435 0
5.87209 8.09435 0
-5.6668 -8.36046 0
5.6668 8.36046 0
-5.45316 -8.61992 0
5.45316 8.61992 0
-5.23147 -8.87253 0
5.23147 8.87253 0
-5.00201 -9.11811 0
5.00201 9.11811 0
-4.76509 -9.35649 0
4.76509 9.35649 0
-4.52099 -9.58752 0
4.52099 9.58752 0
-4.27001 -9.81106 0
4.27001 9.81106 0
-4.01245 -10.027 0
4.01245 10.027 0
-3.74858 -10.2351 0
3.74858 10.2351 0
-3.47869 -10.4355 0
3.47869 10.4355 0
-3.20308 -10.6278 0
3.20308 10.6278 0
-2.92203 -10.8121 0
2.92203 10.8121 0
-2.63581 -10.9883 0
2.63581 10.9883 0
-2.3447 -11.1563 0
2.3447 11.1563 0
-2.04898 -11.316 0
2.04898 11.316 0
-1.74892 -11.4674 0
1.74892 11.4674 0
-1.44478 -11.6105 0
1.44478 11.6105 0
-1.13684 -11.7451 0
1.13684 11.7451 0
-0.825351 -11.8713 0
0.825351 11.8713 0
-0.51057 -11.9891 0
0.51057 11.9891 0
-0.192751 -12.0985 0
0.192751 12.0985 0
0.127855 -12.1993 0
-0.127855 12.1993 0
0.451003 -12.2917 0
-0.451003 12.2917 0
0.776451 -12.3757 0
-0.776451 12.3757 0
1.10396 -12.4512 0
-1.10396 12.4512 0
1.4333 -12.5182 0
-1.4333 12.5182 0
1.76425 -12.5769 0
-1.76425 12.5769 0
2.09656 -12.6271 0
-2.09656 12.6271 0
2.43004 -12.6691 0
-2.43004 12.6691 0
2.76445 -12.7027 0
-2.76445 12.7027 0
3.09959 -12.728 0
-3.09959 12.728 0
3.43526 -12.7452 0
-3.43526 12.7452 0
3.77124 -12.7541 0
-3.77124 12.7541 0
4.10734 -12.755 0
-4.10734 12.755 0
4.44336 -12.7478 0
-4.44336 12.7478 0
4.77912 -12.7326 0
-4.77912 12.7326 0
5.11442 -12.7096 0
-5.11442 12.7096 0
5.4491 -12.6786 0
-5.4491 12.6786 0
5.78296 -12.6399 0
-5.78296 12.6399 0
6.11584 -12.5935 0
-6.11584 12.5935 0
6.44757 -12.5395 0
-6.44757 12.5395 0
6.77799 -12.4779 0
-6.77799 12.4779 0
7.10693 -12.4089 0
-7.10693 12.4089 0
7.43424 -12.3326 0
-7.43424 12.3326 0
7.75977 -12.2489 0
-7.75977 12.2489 0
8.08336 -12.1581 0
-8.08336 12.1581 0
8.40489 -12.0602 0
-8.40489 12.0602 0
8.72419 -11.9553 0
-8.72419 11.9553 0
9.04115 -11.8435 0
-9.04115 11.8435 0
9.35563 -11.7249 0
-9.35563 11.7249 0
9.6675 -11.5995 0
-9.6675 11.5995 0
9.97664 -11.4676 0
-9.97664 11.4676 0
10.2829 -11.3292 0
-10.2829 11.3292 0
10.5862 -11.1844 0
-10.5862 11.1844 0
10.8865 -11.0334 0
-10.8865 11.0334 0
11.1835 -10.8761 0
-11.1835 10.8761 0
11.4772 -10.7127 0
-11.4772 10.7127 0
11.7676 -10.5434 0
-11.7676 10.5434 0
12.0544 -10.3683 0
-12.0544 10.3683 0
12.3377 -10.1873 0
-12.3377 10.1873 0
12.6172 -10.0008 0
-12.6172 10.0008 0
12.893 -9.80866 0
-12.893 9.80866 0
13.165 -9.61113 0
-13.165 9.61113 0
13.433 -9.40828 0
-13.433 9.40828 0
13.6969 -9.20024 0
-13.6969 9.20024 0
13.9568 -8.98709 0
-13.9568 8.98709 0
14.2125 -8.76897 0
-14.2125 8.76897 0
14.464 -8.54597 0
-14.464 8.54597 0
14.7111 -8.3182 0
-14.7111 8.3182 0
14.9539 -8.08579 0
-14.9539 8.08579 0
15.1923 -7.84884 0
-15.1923 7.84884 0
15.4262 -7.60745 0
-15.4262 7.60745 0
15.6555 -7.36174 0
-15.6555 7.36174 0
15.8802 -7.11182 0
-15.8802 7.11182 0
16.1003 -6.8578 0
-16.1003 6.8578 0
16.3157 -6.59979 0
-16.3157 6.59979 0
16.5264 -6.33789 0
-16.5264 6.33789 0
16.7322 -6.07222 0
-16.7322 6.07222 0
16.9333 -5.80288 0
-16.9333 5.80288 0
17.1295 -5.52998 0
-17.1295 5.52998 0
