
  2.03051  23.5934
  2.23356  21.7472
  2.45692  20.0741
  2.70261  18.3802
  2.97287  16.4895
  3.27016  14.7389
  3.59718  13.1218
  3.95689  11.6452
  4.35258  10.2193
  4.78784   8.93002
  5.26663   7.73448
  5.79329   6.65981
  6.37262   5.67486
  7.00988   4.81012
  7.71087   4.12503
  8.48195   3.56384
  9.33015   3.08672
 10.2632    2.68743
 11.2895    2.37652
 12.4184    2.11428
 13.6603    1.82375
 15.0263    1.58958
 16.5289    1.34468
 18.1818    1.14524
 20         0.778943
 22         0.651842
 24.2       0.544121
 26.62      0.461623
 29.282     0.39227
 32.2102    0.339369
 35.4312    0.285425
 38.9743    0.311367
 42.8718    0.251227
 47.159     0.195097
 51.8748    0.146283
 57.0623    0.112507
 62.7686    0.0815595
 69.0454    0.0650327
 75.95      0.0483219
 83.545     0.0349043
 91.8995    0.0268139
101.089     0.0206287
111.198     0.0159265
