  2.03051  63.7212
  2.23356  63.0424
  2.45692  62.2715
  2.70261  61.3696
  2.97287  60.3236
  3.27016  59.1737
  3.59718  57.8266
  3.95689  56.3846
  4.35258  54.7211
  4.78784  52.8752
  5.26663  50.8051
  5.79329  48.5913
  6.37262  46.2169
  7.00988  43.7333
  7.71087  41.2037
  8.48195  38.5172
  9.33015  35.8557
 10.2632   33.2622
 11.2895   30.7082
 12.4184   28.1624
 13.6603   25.7768
 15.0263   23.4283
 16.5289   21.3115
 18.1818   19.3808
 20        17.5727
 22        15.9119
 24.2      14.3445
 26.62     12.9267
 29.282    11.5747
 32.2102   10.3549
 35.4312    9.3066
 38.9743    8.35284
 42.8718    7.47451
 47.159     6.67377
 51.8748    5.92678
 57.0623    5.26071
 62.7686    4.61124
 69.0454    4.01968
 75.95      3.4823
 83.545     3.00309
 91.8995    2.54929
101.089     2.19065
111.198     1.88264
122.318     1.62585
134.55      1.41983
148.005     1.25331
162.805     1.07159
179.086     0.943007
196.995     0.827529
216.694     0.704665
238.364     0.607465
