      1.0000	      0.0100	      0.0500	      7.5005	      0.1000	      0.0500	     15.1997	      0.0500	      4.3383
      0.9966	      0.0200	      0.0986	      7.4979	      0.2000	      0.0998	     15.1978	      0.1000	      4.3842
      0.9897	      0.0299	      0.1443	      7.4922	      0.2999	      0.1493	     15.1941	      0.1500	      4.4261
      0.9795	      0.0397	      0.1861	      7.4834	      0.3996	      0.1983	     15.1888	      0.1999	      4.4640
      0.9661	      0.0493	      0.2229	      7.4715	      0.4992	      0.2466	     15.1818	      0.2499	      4.4980
      0.9495	      0.0588	      0.2537	      7.4566	      0.5986	      0.2941	     15.1733	      0.2998	      4.5280
      0.9300	      0.0682	      0.2779	      7.4386	      0.6978	      0.3406	     15.1631	      0.3497	      4.5541
      0.9076	      0.0773	      0.2949	      7.4176	      0.7967	      0.3859	     15.1514	      0.3995	      4.5763
      0.8823	      0.0861	      0.3045	      7.3936	      0.8952	      0.4300	     15.1381	      0.4494	      4.5946
      0.8544	      0.0947	      0.3063	      7.3666	      0.9934	      0.4726	     15.1232	      0.4991	      4.6090
      0.8238	      0.1030	      0.3004	      7.3367	      1.0912	      0.5136	     15.1069	      0.5488	      4.6195
      0.7907	      0.1110	      0.2866	      7.3038	      1.1885	      0.5530	     15.0889	      0.5985	      4.6262
      0.7550	      0.1187	      0.2652	      7.2680	      1.2854	      0.5905	     15.0694	      0.6481	      4.6289
      0.7168	      0.1259	      0.2366	      7.2293	      1.3818	      0.6261	     15.0484	      0.6976	      4.6278
      0.6762	      0.1327	      0.2013	      7.1877	      1.4776	      0.6596	     15.0258	      0.7471	      4.6227
      0.6331	      0.1391	      0.1601	      7.1433	      1.5728	      0.6910	     15.0017	      0.7964	      4.6137
      0.5878	      0.1449	      0.1138	      7.0961	      1.6674	      0.7201	     14.9760	      0.8457	      4.6008
      0.5401	      0.1501	      0.0639	      7.0460	      1.7613	      0.7469	     14.9488	      0.8949	      4.5839
      0.4903	      0.1548	      0.0117	      6.9932	      1.8546	      0.7712	     14.9200	      0.9441	      4.5630
      0.4385	      0.1588	     -0.0408	      6.9376	      1.9471	      0.7930	     14.8896	      0.9931	      4.5381
      0.3849	      0.1622	     -0.0919	      6.8792	      2.0389	      0.8122	     14.8575	      1.0420	      4.5091
      0.3299	      0.1650	     -0.1397	      6.8181	      2.1298	      0.8287	     14.8239	      1.0908	      4.4761
      0.2740	      0.1673	     -0.1827	      6.7543	      2.2199	      0.8425	     14.7886	      1.1394	      4.4389
      0.2174	      0.1695	     -0.2196	      6.6878	      2.3091	      0.8535	     14.7515	      1.1880	      4.3976
      0.1608	      0.1720	     -0.2495	      6.6186	      2.3973	      0.8617	     14.7128	      1.2364	      4.3520
      0.1043	      0.1759	     -0.2715	      6.5467	      2.4846	      0.8669	     14.6723	      1.2846	      4.3022
      0.0472	      0.1816	     -0.2853	      6.4720	      2.5709	      0.8692	     14.6301	      1.3327	      4.2480
     -0.0110	      0.1872	     -0.2906	      6.3947	      2.6561	      0.8685	     14.5860	      1.3807	      4.1895
     -0.0682	      0.1902	     -0.2872	      6.3147	      2.7402	      0.8648	     14.5400	      1.4284	      4.1265
     -0.1230	      0.1906	     -0.2752	      6.2320	      2.8231	      0.8580	     14.4921	      1.4760	      4.0590
     -0.1756	      0.1891	     -0.2549	      6.1466	      2.9047	      0.8481	     14.4422	      1.5233	      3.9869
     -0.2265	      0.1863	     -0.2267	      6.0585	      2.9851	      0.8352	     14.3902	      1.5705	      3.9101
     -0.2758	      0.1824	     -0.1913	      5.9677	      3.0642	      0.8191	     14.3362	      1.6174	      3.8287
     -0.3235	      0.1777	     -0.1497	      5.8741	      3.1418	      0.7999	     14.2800	      1.6641	      3.7424
     -0.3696	      0.1720	     -0.1029	      5.7777	      3.2180	      0.7775	     14.2215	      1.7105	      3.6512
     -0.4140	      0.1656	     -0.0524	      5.6786	      3.2927	      0.7521	     14.1606	      1.7566	      3.5551
     -0.4564	      0.1584	     -0.0001	      5.5767	      3.3657	      0.7236	     14.0973	      1.8024	      3.4540
     -0.4967	      0.1505	      0.0522	      5.4720	      3.4370	      0.6921	     14.0315	      1.8479	      3.3477
     -0.5349	      0.1420	      0.1027	      5.3644	      3.5065	      0.6576	     13.9631	      1.8930	      3.2362
     -0.5708	      0.1328	      0.1497	      5.2540	      3.5742	      0.6202	     13.8919	      1.9378	      3.1195
     -0.6045	      0.1231	      0.1919	      5.1406	      3.6398	      0.5799	     13.8178	      1.9822	      2.9975
     -0.6359	      0.1130	      0.2283	      5.0244	      3.7035	      0.5370	     13.7407	      2.0261	      2.8701
     -0.6651	      0.1024	      0.2580	      4.9052	      3.7649	      0.4914	     13.6604	      2.0696	      2.7372
     -0.6919	      0.0915	      0.2805	      4.7831	      3.8241	      0.4434	     13.5769	      2.1126	      2.5989
     -0.7164	      0.0803	      0.2952	      4.6580	      3.8810	      0.3930	     13.4899	      2.1550	      2.4552
     -0.7386	      0.0688	      0.3020	      4.5299	      3.9353	      0.3406	     13.3992	      2.1969	      2.3059
     -0.7583	      0.0571	      0.3009	      4.3988	      3.9871	      0.2863	     13.3047	      2.2381	      2.1513
     -0.7757	      0.0452	      0.2917	      4.2648	      4.0361	      0.2304	     13.2063	      2.2787	      1.9913
     -0.7905	      0.0332	      0.2749	      4.1277	      4.0823	      0.1731	     13.1036	      2.3185	      1.8261
     -0.8028	      0.0211	      0.2507	      3.9876	      4.1255	      0.1148	     12.9965	      2.3575	      1.6559
     -0.8124	      0.0089	      0.2196	      3.8446	      4.1657	      0.0558	     12.8847	      2.3957	      1.4807
     -0.8192	     -0.0034	      0.1823	      3.6987	      4.2028	     -0.0036	     12.7681	      2.4331	      1.3010
     -0.8231	     -0.0156	      0.1398	      3.5499	      4.2365	     -0.0629	     12.6465	      2.4694	      1.1171
     -0.8241	     -0.0278	      0.0932	      3.3982	      4.2669	     -0.1218	     12.5196	      2.5047	      0.9293
     -0.8221	     -0.0398	      0.0437	      3.2438	      4.2938	     -0.1799	     12.3872	      2.5389	      0.7382
     -0.8169	     -0.0517	     -0.0071	      3.0867	      4.3172	     -0.2367	     12.2491	      2.5720	      0.5442
     -0.8087	     -0.0635	     -0.0577	      2.9269	      4.3369	     -0.2919	     12.1052	      2.6038	      0.3482
     -0.7975	     -0.0749	     -0.1065	      2.7647	      4.3529	     -0.3450	     11.9553	      2.6343	      0.1507
     -0.7833	     -0.0862	     -0.1520	      2.6001	      4.3651	     -0.3955	     11.7992	      2.6635	     -0.0474
     -0.7663	     -0.0971	     -0.1931	      2.4332	      4.3735	     -0.4431	     11.6369	      2.6913	     -0.2453
     -0.7466	     -0.1076	     -0.2285	      2.2641	      4.3781	     -0.4875	     11.4683	      2.7176	     -0.4421
     -0.7244	     -0.1178	     -0.2574	      2.0930	      4.3787	     -0.5281	     11.2933	      2.7424	     -0.6369
     -0.6997	     -0.1276	     -0.2793	      1.9199	      4.3753	     -0.5647	     11.1121	      2.7657	     -0.8288
     -0.6727	     -0.1370	     -0.2934	      1.7451	      4.3679	     -0.5969	     10.9245	      2.7874	     -1.0167
     -0.6435	     -0.1459	     -0.2997	      1.5687	      4.3566	     -0.6244	     10.7307	      2.8075	     -1.1999
     -0.6122	     -0.1543	     -0.2977	      1.3908	      4.3411	     -0.6470	     10.5308	      2.8260	     -1.3774
     -0.5789	     -0.1623	     -0.2877	      1.2116	      4.3216	     -0.6643	     10.3249	      2.8429	     -1.5485
     -0.5437	     -0.1697	     -0.2696	      1.0313	      4.2979	     -0.6763	     10.1131	      2.8582	     -1.7123
     -0.5067	     -0.1765	     -0.2438	      0.8499	      4.2700	     -0.6827	      9.8957	      2.8719	     -1.8682
     -0.4679	     -0.1827	     -0.2108	      0.6676	      4.2379	     -0.6833	      9.6728	      2.8840	     -2.0154
     -0.4274	     -0.1883	     -0.1713	      0.4847	      4.2016	     -0.6780	      9.4446	      2.8945	     -2.1535
     -0.3853	     -0.1932	     -0.1262	      0.3012	      4.1609	     -0.6668	      9.2112	      2.9035	     -2.2819
     -0.3418	     -0.1973	     -0.0767	      0.1174	      4.1159	     -0.6496	      8.9728	      2.9108	     -2.4000
     -0.2969	     -0.2007	     -0.0245	     -0.0665	      4.0664	     -0.6265	      8.7296	      2.9166	     -2.5075
     -0.2510	     -0.2035	      0.0286	     -0.2504	      4.0124	     -0.5974	      8.4817	      2.9209	     -2.6039
     -0.2042	     -0.2057	      0.0807	     -0.4340	      3.9538	     -0.5625	      8.2294	      2.9236	     -2.6888
     -0.1569	     -0.2076	      0.1297	     -0.6171	      3.8905	     -0.5221	      7.9727	      2.9247	     -2.7619
     -0.1092	     -0.2095	      0.1741	     -0.7994	      3.8225	     -0.4762	      7.7117	      2.9243	     -2.8228
     -0.0611	     -0.2116	      0.2125	     -0.9808	      3.7497	     -0.4254	      7.4467	      2.9223	     -2.8711
     -0.0124	     -0.2135	      0.2440	     -1.1609	      3.6720	     -0.3699	      7.1776	      2.9188	     -2.9065
      0.0364	     -0.2144	      0.2677	     -1.3395	      3.5895	     -0.3102	      6.9046	      2.9136	     -2.9285
      0.0845	     -0.2137	      0.2833	     -1.5162	      3.5020	     -0.2471	      6.6277	      2.9068	     -2.9369
      0.1316	     -0.2113	      0.2905	     -1.6909	      3.4095	     -0.1811	      6.3471	      2.8984	     -2.9311
      0.1774	     -0.2075	      0.2890	     -1.8631	      3.3122	     -0.1129	      6.0627	      2.8882	     -2.9108
      0.2218	     -0.2025	      0.2790	     -2.0326	      3.2101	     -0.0434	      5.7746	      2.8763	     -2.8753
      0.2650	     -0.1965	      0.2607	     -2.1991	      3.1033	      0.0267	      5.4829	      2.8626	     -2.8243
      0.3068	     -0.1897	      0.2344	     -2.3624	      2.9920	      0.0964	      5.1874	      2.8470	     -2.7571
      0.3472	     -0.1820	      0.2009	     -2.5222	      2.8762	      0.1649	      4.8884	      2.8293	     -2.6732
      0.3861	     -0.1735	      0.1609	     -2.6784	      2.7563	      0.2316	      4.5856	      2.8095	     -2.5717
      0.4233	     -0.1643	      0.1155	     -2.8307	      2.6325	      0.2955	      4.2792	      2.7875	     -2.4522
      0.4586	     -0.1544	      0.0662	     -2.9791	      2.5050	      0.3561	      3.9691	      2.7631	     -2.3138
      0.4919	     -0.1438	      0.0146	     -3.1234	      2.3740	      0.4127	      3.6552	      2.7361	     -2.1558
      0.5230	     -0.1325	     -0.0376	     -3.2634	      2.2399	      0.4650	      3.3376	      2.7064	     -1.9775
      0.5519	     -0.1207	     -0.0884	     -3.3993	      2.1029	      0.5123	      3.0163	      2.6736	     -1.7783
      0.5785	     -0.1084	     -0.1363	     -3.5308	      1.9632	      0.5545	      2.6912	      2.6377	     -1.5579
      0.6028	     -0.0957	     -0.1798	     -3.6579	      1.8211	      0.5912	      2.3624	      2.5983	     -1.3163
      0.6248	     -0.0826	     -0.2177	     -3.7807	      1.6769	      0.6223	      2.0300	      2.5551	     -1.0540
      0.6445	     -0.0692	     -0.2491	     -3.8991	      1.5307	      0.6476	      1.6941	      2.5080	     -0.7725
      0.6620	     -0.0555	     -0.2734	     -4.0130	      1.3829	      0.6671	      1.3549	      2.4568	     -0.4748
      0.6772	     -0.0417	     -0.2901	     -4.1226	      1.2335	      0.6808	      1.0126	      2.4015	     -0.1657
      0.6901	     -0.0277	     -0.2989	     -4.2277	      1.0827	      0.6886	      0.6676	      2.3420	      0.1477
      0.7008	     -0.0136	     -0.2996	     -4.3283	      0.9309	      0.6906	      0.3201	      2.2787	      0.4571
      0.7092	      0.0005	     -0.2923	     -4.4245	      0.7781	      0.6870	     -0.0292	      2.2113	      0.7545
      0.7153	      0.0146	     -0.2771	     -4.5162	      0.6246	      0.6779	     -0.3795	      2.1393	      1.0339
      0.7190	      0.0286	     -0.2543	     -4.6035	      0.4704	      0.6633	     -0.7289	      2.0613	      1.2918
      0.7203	      0.0426	     -0.2244	     -4.6862	      0.3158	      0.6436	     -1.0753	      1.9765	      1.5258
      0.7190	      0.0564	     -0.1881	     -4.7645	      0.1609	      0.6190	     -1.4167	      1.8851	      1.7351
      0.7152	      0.0700	     -0.1462	     -4.8382	      0.0058	      0.5896	     -1.7522	      1.7879	      1.9195
      0.7087	      0.0834	     -0.0998	     -4.9074	     -0.1492	      0.5558	     -2.0814	      1.6858	      2.0792
      0.6995	      0.0964	     -0.0503	     -4.9720	     -0.3041	      0.5178	     -2.4046	      1.5799	      2.2146
      0.6875	      0.1090	      0.0009	     -5.0321	     -0.4587	      0.4761	     -2.7221	      1.4709	      2.3265
      0.6729	      0.1213	      0.0520	     -5.0876	     -0.6129	      0.4308	     -3.0343	      1.3595	      2.4152
      0.6555	      0.1330	      0.1015	     -5.1386	     -0.7666	      0.3825	     -3.3414	      1.2461	      2.4816
      0.6357	      0.1442	      0.1476	     -5.1851	     -0.9195	      0.3314	     -3.6437	      1.1310	      2.5263
      0.6134	      0.1549	      0.1892	     -5.2270	     -1.0717	      0.2780	     -3.9412	      1.0146	      2.5497
      0.5889	      0.1650	      0.2250	     -5.2645	     -1.2229	      0.2227	     -4.2341	      0.8971	      2.5524
      0.5622	      0.1746	      0.2541	     -5.2975	     -1.3731	      0.1658	     -4.5223	      0.7786	      2.5349
      0.5337	      0.1835	      0.2758	     -5.3261	     -1.5222	      0.1078	     -4.8057	      0.6593	      2.4976
      0.5033	      0.1918	      0.2897	     -5.3504	     -1.6700	      0.0491	     -5.0842	      0.5394	      2.4411
      0.4712	      0.1994	      0.2954	     -5.3704	     -1.8165	     -0.0099	     -5.3576	      0.4189	      2.3656
      0.4376	      0.2064	      0.2928	     -5.3862	     -1.9615	     -0.0688	     -5.6257	      0.2980	      2.2718
      0.4026	      0.2128	      0.2819	     -5.3979	     -2.1051	     -0.1273	     -5.8881	      0.1768	      2.1600
      0.3662	      0.2184	      0.2629	     -5.4056	     -2.2471	     -0.1851	     -6.1446	      0.0554	      2.0310
      0.3286	      0.2234	      0.2359	     -5.4093	     -2.3874	     -0.2417	     -6.3949	     -0.0660	      1.8852
      0.2900	      0.2276	      0.2018	     -5.4093	     -2.5261	     -0.2970	     -6.6384	     -0.1873	      1.7236
      0.2503	      0.2311	      0.1611	     -5.4055	     -2.6630	     -0.3505	     -6.8750	     -0.3085	      1.5471
      0.2098	      0.2339	      0.1149	     -5.3981	     -2.7982	     -0.4022	     -7.1040	     -0.4293	      1.3570
      0.1686	      0.2360	      0.0646	     -5.3872	     -2.9315	     -0.4518	     -7.3251	     -0.5496	      1.1546
      0.1268	      0.2376	      0.0119	     -5.3730	     -3.0630	     -0.4990	     -7.5380	     -0.6693	      0.9415
      0.0845	      0.2385	     -0.0413	     -5.3554	     -3.1927	     -0.5437	     -7.7422	     -0.7883	      0.7196
      0.0417	      0.2389	     -0.0929	     -5.3347	     -3.3204	     -0.5858	     -7.9377	     -0.9063	      0.4910
     -0.0013	      0.2383	     -0.1410	     -5.3109	     -3.4462	     -0.6251	     -8.1241	     -1.0233	      0.2579
     -0.0444	      0.2367	     -0.1841	     -5.2841	     -3.5701	     -0.6616	     -8.3015	     -1.1392	      0.0224
     -0.0871	      0.2337	     -0.2210	     -5.2544	     -3.6920	     -0.6951	     -8.4698	     -1.2539	     -0.2132
     -0.1291	      0.2293	     -0.2507	     -5.2219	     -3.8119	     -0.7255	     -8.6294	     -1.3672	     -0.4471
     -0.1702	      0.2236	     -0.2727	     -5.1867	     -3.9299	     -0.7529	     -8.7805	     -1.4792	     -0.6773
     -0.2102	      0.2168	     -0.2864	     -5.1489	     -4.0458	     -0.7772	     -8.9234	     -1.5899	     -0.9023
     -0.2491	      0.2090	     -0.2917	     -5.1085	     -4.1598	     -0.7982	     -9.0585	     -1.6991	     -1.1209
     -0.2868	      0.2002	     -0.2885	     -5.0656	     -4.2717	     -0.8161	     -9.1862	     -1.8069	     -1.3319
     -0.3233	      0.1907	     -0.2768	     -5.0203	     -4.3816	     -0.8308	     -9.3070	     -1.9134	     -1.5347
     -0.3584	      0.1804	     -0.2569	     -4.9727	     -4.4894	     -0.8423	     -9.4212	     -2.0186	     -1.7286
     -0.3920	      0.1694	     -0.2293	     -4.9227	     -4.5952	     -0.8507	     -9.5293	     -2.1224	     -1.9132
     -0.4241	      0.1577	     -0.1946	     -4.8705	     -4.6989	     -0.8558	     -9.6316	     -2.2249	     -2.0883
     -0.4545	      0.1454	     -0.1537	     -4.8161	     -4.8004	     -0.8578	     -9.7285	     -2.3262	     -2.2538
     -0.4829	      0.1325	     -0.1078	     -4.7596	     -4.8999	     -0.8567	     -9.8203	     -2.4263	     -2.4097
     -0.5094	      0.1190	     -0.0581	     -4.7010	     -4.9971	     -0.8525	     -9.9074	     -2.5252	     -2.5559
     -0.5336	      0.1050	     -0.0065	     -4.6403	     -5.0922	     -0.8452	     -9.9900	     -2.6230	     -2.6926
     -0.5555	      0.0906	      0.0454	     -4.5777	     -5.1851	     -0.8349	    -10.0683	     -2.7196	     -2.8199
     -0.5751	      0.0758	      0.0957	     -4.5130	     -5.2757	     -0.8217	    -10.1426	     -2.8152	     -2.9379
     -0.5923	      0.0607	      0.1428	     -4.4464	     -5.3641	     -0.8055	    -10.2131	     -2.9097	     -3.0468
     -0.6073	      0.0453	      0.1854	     -4.3779	     -5.4502	     -0.7866	    -10.2800	     -3.0031	     -3.1468
     -0.6199	      0.0298	      0.2222	     -4.3076	     -5.5339	     -0.7648	    -10.3433	     -3.0956	     -3.2380
     -0.6303	      0.0141	      0.2525	     -4.2353	     -5.6153	     -0.7404	    -10.4034	     -3.1870	     -3.3207
     -0.6385	     -0.0016	      0.2755	     -4.1613	     -5.6942	     -0.7134	    -10.4602	     -3.2775	     -3.3948
     -0.6445	     -0.0172	      0.2907	     -4.0855	     -5.7707	     -0.6838	    -10.5139	     -3.3669	     -3.4607
     -0.6483	     -0.0329	      0.2980	     -4.0079	     -5.8447	     -0.6518	    -10.5646	     -3.4555	     -3.5185
     -0.6501	     -0.0484	      0.2972	     -3.9286	     -5.9162	     -0.6175	    -10.6123	     -3.5430	     -3.5683
     -0.6496	     -0.0637	      0.2883	     -3.8476	     -5.9851	     -0.5810	    -10.6573	     -3.6296	     -3.6102
     -0.6470	     -0.0789	      0.2715	     -3.7648	     -6.0514	     -0.5424	    -10.6994	     -3.7153	     -3.6444
     -0.6422	     -0.0938	      0.2470	     -3.6805	     -6.1151	     -0.5018	    -10.7388	     -3.8000	     -3.6709
     -0.6352	     -0.1083	      0.2155	     -3.5945	     -6.1760	     -0.4595	    -10.7756	     -3.8838	     -3.6899
     -0.6258	     -0.1225	      0.1776	     -3.5069	     -6.2342	     -0.4154	    -10.8097	     -3.9666	     -3.7014
     -0.6142	     -0.1362	      0.1342	     -3.4177	     -6.2896	     -0.3698	    -10.8411	     -4.0485	     -3.7055
     -0.6002	     -0.1494	      0.0866	     -3.3270	     -6.3421	     -0.3228	    -10.8700	     -4.1294	     -3.7023
     -0.5838	     -0.1620	      0.0361	     -3.2348	     -6.3918	     -0.2747	    -10.8963	     -4.2092	     -3.6918
     -0.5650	     -0.1739	     -0.0156	     -3.1411	     -6.4386	     -0.2255	    -10.9199	     -4.2881	     -3.6741
     -0.5438	     -0.1851	     -0.0668	     -3.0460	     -6.4824	     -0.1754	    -10.9410	     -4.3660	     -3.6492
     -0.5205	     -0.1955	     -0.1158	     -2.9495	     -6.5232	     -0.1247	    -10.9594	     -4.4428	     -3.6171
     -0.4951	     -0.2052	     -0.1608	     -2.8516	     -6.5610	     -0.0735	    -10.9752	     -4.5186	     -3.5779
     -0.4678	     -0.2141	     -0.2007	     -2.7523	     -6.5958	     -0.0221	    -10.9884	     -4.5932	     -3.5315
     -0.4388	     -0.2222	     -0.2344	     -2.6518	     -6.6275	      0.0295	    -10.9988	     -4.6668	     -3.4779
     -0.4082	     -0.2295	     -0.2609	     -2.5501	     -6.6561	      0.0809	    -11.0065	     -4.7391	     -3.4172
     -0.3762	     -0.2361	     -0.2797	     -2.4472	     -6.6815	      0.1321	    -11.0114	     -4.8103	     -3.3494
     -0.3430	     -0.2418	     -0.2904	     -2.3431	     -6.7039	      0.1827	    -11.0135	     -4.8802	     -3.2744
     -0.3086	     -0.2468	     -0.2927	     -2.2379	     -6.7231	      0.2326	    -11.0126	     -4.9488	     -3.1923
     -0.2733	     -0.2511	     -0.2866	     -2.1317	     -6.7391	      0.2816	    -11.0087	     -5.0161	     -3.1030
     -0.2371	     -0.2546	     -0.2721	     -2.0244	     -6.7520	      0.3295	    -11.0017	     -5.0819	     -3.0065
     -0.2002	     -0.2574	     -0.2494	     -1.9162	     -6.7617	      0.3761	    -10.9916	     -5.1463	     -2.9029
     -0.1627	     -0.2595	     -0.2191	     -1.8071	     -6.7682	      0.4213	    -10.9781	     -5.2092	     -2.7921
     -0.1247	     -0.2609	     -0.1817	     -1.6972	     -6.7716	      0.4648	    -10.9612	     -5.2704	     -2.6742
     -0.0861	     -0.2615	     -0.1383	     -1.5865	     -6.7718	      0.5066	    -10.9408	     -5.3299	     -2.5491
     -0.0472	     -0.2613	     -0.0900	     -1.4750	     -6.7688	      0.5464	    -10.9168	     -5.3877	     -2.4171
     -0.0081	     -0.2602	     -0.0383	     -1.3629	     -6.7627	      0.5840	    -10.8889	     -5.4435	     -2.2781
      0.0312	     -0.2578	      0.0149	     -1.2501	     -6.7534	      0.6195	    -10.8571	     -5.4974	     -2.1323
      0.0702	     -0.2541	      0.0675	     -1.1367	     -6.7410	      0.6525	    -10.8211	     -5.5492	     -1.9798
      0.1088	     -0.2489	      0.1175	     -1.0228	     -6.7254	      0.6830	    -10.7809	     -5.5988	     -1.8209
      0.1467	     -0.2424	      0.1633	     -0.9084	     -6.7066	      0.7109	    -10.7362	     -5.6461	     -1.6558
      0.1837	     -0.2347	      0.2034	     -0.7936	     -6.6848	      0.7360	    -10.6869	     -5.6910	     -1.4848
      0.2197	     -0.2257	      0.2369	     -0.6784	     -6.6597	      0.7582	    -10.6328	     -5.7333	     -1.3084
      0.2547	     -0.2158	      0.2630	     -0.5629	     -6.6316	      0.7775	    -10.5737	     -5.7729	     -1.1268
      0.2884	     -0.2050	      0.2811	     -0.4471	     -6.6002	      0.7937	    -10.5095	     -5.8097	     -0.9408
      0.3210	     -0.1933	      0.2910	     -0.3311	     -6.5658	      0.8068	    -10.4400	     -5.8436	     -0.7509
      0.3523	     -0.1809	      0.2924	     -0.2150	     -6.5281	      0.8167	    -10.3650	     -5.8744	     -0.5578
      0.3822	     -0.1678	      0.2853	     -0.0987	     -6.4873	      0.8232	    -10.2845	     -5.9021	     -0.3622
      0.4107	     -0.1541	      0.2699	      0.0176	     -6.4433	      0.8265	    -10.1984	     -5.9266	     -0.1649
      0.4376	     -0.1398	      0.2466	      0.1339	     -6.3961	      0.8263	    -10.1065	     -5.9477	      0.0330
      0.4628	     -0.1250	      0.2159	      0.2501	     -6.3457	      0.8226	    -10.0089	     -5.9655	      0.2309
      0.4863	     -0.1097	      0.1785	      0.3662	     -6.2920	      0.8154	     -9.9056	     -5.9798	      0.4276
      0.5078	     -0.0939	      0.1354	      0.4822	     -6.2351	      0.8047	     -9.7966	     -5.9907	      0.6223
      0.5272	     -0.0778	      0.0877	      0.5978	     -6.1748	      0.7905	     -9.6819	     -5.9982	      0.8140
      0.5445	     -0.0614	      0.0371	      0.7131	     -6.1111	      0.7727	     -9.5616	     -6.0022	      1.0018
      0.5594	     -0.0447	     -0.0147	      0.8281	     -6.0441	      0.7513	     -9.4359	     -6.0028	      1.1850
      0.5719	     -0.0278	     -0.0661	      0.9426	     -5.9736	      0.7263	     -9.3049	     -6.0000	      1.3627
      0.5821	     -0.0108	     -0.1152	      1.0565	     -5.8996	      0.6978	     -9.1688	     -5.9938	      1.5341
      0.5899	      0.0063	     -0.1606	      1.1698	     -5.8221	      0.6658	     -9.0276	     -5.9845	      1.6986
      0.5955	      0.0233	     -0.2008	      1.2823	     -5.7409	      0.6304	     -8.8817	     -5.9719	      1.8556
      0.5988	      0.0402	     -0.2350	      1.3941	     -5.6561	      0.5917	     -8.7310	     -5.9562	      2.0047
      0.6001	      0.0570	     -0.2622	      1.5049	     -5.5676	      0.5497	     -8.5760	     -5.9374	      2.1452
      0.5992	      0.0736	     -0.2819	      1.6147	     -5.4754	      0.5046	     -8.4166	     -5.9157	      2.2769
      0.5963	      0.0899	     -0.2937	      1.7234	     -5.3792	      0.4566	     -8.2530	     -5.8910	      2.3992
      0.5913	      0.1060	     -0.2974	      1.8308	     -5.2792	      0.4058	     -8.0855	     -5.8635	      2.5121
      0.5844	      0.1217	     -0.2929	      1.9369	     -5.1753	      0.3525	     -7.9141	     -5.8333	      2.6150
      0.5756	      0.1369	     -0.2802	      2.0415	     -5.0673	      0.2969	     -7.7391	     -5.8003	      2.7078
      0.5648	      0.1518	     -0.2597	      2.1445	     -4.9554	      0.2394	     -7.5604	     -5.7646	      2.7903
      0.5520	      0.1660	     -0.2317	      2.2457	     -4.8393	      0.1802	     -7.3783	     -5.7262	      2.8622
      0.5372	      0.1797	     -0.1968	      2.3450	     -4.7192	      0.1197	     -7.1928	     -5.6853	      2.9232
      0.5205	      0.1927	     -0.1558	      2.4423	     -4.5950	      0.0584	     -7.0041	     -5.6417	      2.9733
      0.5017	      0.2050	     -0.1099	      2.5374	     -4.4667	     -0.0033	     -6.8121	     -5.5956	      3.0120
      0.4809	      0.2165	     -0.0602	      2.6303	     -4.3344	     -0.0651	     -6.6170	     -5.5469	      3.0393
      0.4581	      0.2270	     -0.0085	      2.7206	     -4.1980	     -0.1263	     -6.4189	     -5.4957	      3.0548
      0.4334	      0.2366	      0.0436	      2.8085	     -4.0576	     -0.1865	     -6.2177	     -5.4418	      3.0584
      0.4068	      0.2452	      0.0941	      2.8936	     -3.9134	     -0.2452	     -6.0135	     -5.3853	      3.0497
      0.3786	      0.2528	      0.1413	      2.9759	     -3.7653	     -0.3019	     -5.8063	     -5.3262	      3.0283
      0.3490	      0.2595	      0.1838	      3.0553	     -3.6135	     -0.3561	     -5.5962	     -5.2643	      2.9941
      0.3180	      0.2651	      0.2203	      3.1317	     -3.4582	     -0.4073	     -5.3830	     -5.1996	      2.9465
      0.2858	      0.2699	      0.2499	      3.2049	     -3.2993	     -0.4551	     -5.1669	     -5.1320	      2.8852
      0.2527	      0.2737	      0.2719	      3.2750	     -3.1372	     -0.4990	     -4.9478	     -5.0614	      2.8099
      0.2188	      0.2767	      0.2859	      3.3417	     -2.9718	     -0.5386	     -4.7255	     -4.9877	      2.7199
      0.1842	      0.2789	      0.2914	      3.4050	     -2.8035	     -0.5736	     -4.5002	     -4.9107	      2.6148
      0.1490	      0.2803	      0.2885	      3.4648	     -2.6322	     -0.6036	     -4.2717	     -4.8302	      2.4942
      0.1134	      0.2809	      0.2770	      3.5211	     -2.4582	     -0.6283	     -4.0399	     -4.7460	      2.3574
      0.0773	      0.2807	      0.2573	      3.5738	     -2.2817	     -0.6475	     -3.8047	     -4.6578	      2.2040
      0.0410	      0.2797	      0.2297	      3.6227	     -2.1028	     -0.6610	     -3.5660	     -4.5654	      2.0336
      0.0044	      0.2777	      0.1948	      3.6678	     -1.9216	     -0.6685	     -3.3238	     -4.4684	      1.8457
     -0.0321	      0.2747	      0.1534	      3.7090	     -1.7384	     -0.6700	     -3.0777	     -4.3663	      1.6401
     -0.0686	      0.2704	      0.1067	      3.7462	     -1.5533	     -0.6654	     -2.8278	     -4.2587	      1.4169
     -0.1046	      0.2648	      0.0561	      3.7793	     -1.3665	     -0.6545	     -2.5740	     -4.1452	      1.1765
     -0.1401	      0.2578	      0.0034	      3.8081	     -1.1781	     -0.6375	     -2.3160	     -4.0251	      0.9200
     -0.1747	      0.2494	     -0.0494	      3.8326	     -0.9883	     -0.6144	     -2.0538	     -3.8978	      0.6492
     -0.2083	      0.2397	     -0.1004	      3.8525	     -0.7974	     -0.5852	     -1.7876	     -3.7628	      0.3672
     -0.2409	      0.2287	     -0.1478	      3.8679	     -0.6055	     -0.5501	     -1.5174	     -3.6197	      0.0781
     -0.2722	      0.2168	     -0.1900	      3.8785	     -0.4129	     -0.5094	     -1.2438	     -3.4683	     -0.2126
     -0.3023	      0.2038	     -0.2259	      3.8842	     -0.2198	     -0.4634	     -0.9671	     -3.3091	     -0.4988
     -0.3312	      0.1901	     -0.2548	      3.8849	     -0.0263	     -0.4125	     -0.6882	     -3.1428	     -0.7743
     -0.3586	      0.1755	     -0.2760	      3.8805	      0.1672	     -0.3571	     -0.4077	     -2.9706	     -1.0340
     -0.3847	      0.1604	     -0.2890	      3.8708	      0.3604	     -0.2977	     -0.1262	     -2.7939	     -1.2740
     -0.4094	      0.1446	     -0.2937	      3.8558	      0.5532	     -0.2350	      0.1561	     -2.6141	     -1.4919
     -0.4326	      0.1283	     -0.2899	      3.8355	      0.7452	     -0.1696	      0.4392	     -2.4321	     -1.6859
     -0.4542	      0.1116	     -0.2778	      3.8097	      0.9361	     -0.1022	      0.7229	     -2.2484	     -1.8553
     -0.4741	      0.0944	     -0.2577	      3.7786	      1.1257	     -0.0337	      1.0069	     -2.0628	     -1.9998
     -0.4923	      0.0769	     -0.2300	      3.7422	      1.3137	      0.0352	      1.2902	     -1.8744	     -2.1192
     -0.5087	      0.0591	     -0.1952	      3.7005	      1.4998	      0.1037	      1.5712	     -1.6828	     -2.2138
     -0.5231	      0.0411	     -0.1544	      3.6536	      1.6839	      0.1710	      1.8481	     -1.4876	     -2.2837
     -0.5354	      0.0230	     -0.1085	      3.6018	      1.8656	      0.2364	      2.1197	     -1.2893	     -2.3294
     -0.5455	      0.0047	     -0.0590	      3.5452	      2.0449	      0.2993	      2.3854	     -1.0885	     -2.3511
     -0.5533	     -0.0136	     -0.0074	      3.4840	      2.2214	      0.3591	      2.6451	     -0.8858	     -2.3490
     -0.5587	     -0.0318	      0.0444	      3.4183	      2.3952	      0.4152	      2.8988	     -0.6817	     -2.3234
     -0.5618	     -0.0499	      0.0947	      3.3484	      2.5660	      0.4671	      3.1467	     -0.4767	     -2.2746
     -0.5627	     -0.0678	      0.1418	      3.2746	      2.7337	      0.5146	      3.3890	     -0.2711	     -2.2029
     -0.5613	     -0.0854	      0.1843	      3.1969	      2.8982	      0.5573	      3.6255	     -0.0653	     -2.1084
     -0.5577	     -0.1027	      0.2210	      3.1157	      3.0595	      0.5950	      3.8563	      0.1404	     -1.9917
     -0.5522	     -0.1196	      0.2511	      3.0311	      3.2174	      0.6275	      4.0810	      0.3459	     -1.8530
     -0.5447	     -0.1361	      0.2739	      2.9433	      3.3719	      0.6547	      4.2993	      0.5508	     -1.6932
     -0.5353	     -0.1521	      0.2888	      2.8525	      3.5230	      0.6766	      4.5107	      0.7547	     -1.5130
     -0.5241	     -0.1676	      0.2956	      2.7589	      3.6705	      0.6930	      4.7148	      0.9574	     -1.3138
     -0.5111	     -0.1826	      0.2942	      2.6626	      3.8145	      0.7040	      4.9111	      1.1585	     -1.0973
     -0.4964	     -0.1969	      0.2845	      2.5637	      3.9548	      0.7096	      5.0988	      1.3575	     -0.8658
     -0.4800	     -0.2106	      0.2667	      2.4625	      4.0915	      0.7100	      5.2775	      1.5542	     -0.6220
     -0.4619	     -0.2235	      0.2412	      2.3591	      4.2244	      0.7052	      5.4468	      1.7481	     -0.3692
     -0.4422	     -0.2356	      0.2085	      2.2535	      4.3536	      0.6953	      5.6063	      1.9388	     -0.1111
     -0.4208	     -0.2469	      0.1693	      2.1460	      4.4790	      0.6805	      5.7562	      2.1262	      0.1485
     -0.3978	     -0.2572	      0.1246	      2.0367	      4.6004	      0.6610	      5.8964	      2.3100	      0.4061
     -0.3732	     -0.2665	      0.0757	      1.9256	      4.7180	      0.6369	      6.0274	      2.4902	      0.6585
     -0.3470	     -0.2746	      0.0241	      1.8129	      4.8315	      0.6084	      6.1496	      2.6668	      0.9031
     -0.3194	     -0.2816	     -0.0283	      1.6986	      4.9411	      0.5759	      6.2635	      2.8398	      1.1378
     -0.2904	     -0.2874	     -0.0797	      1.5830	      5.0465	      0.5395	      6.3697	      3.0093	      1.3610
     -0.2602	     -0.2921	     -0.1283	      1.4661	      5.1478	      0.4996	      6.4688	      3.1754	      1.5718
     -0.2290	     -0.2956	     -0.1724	      1.3480	      5.2450	      0.4563	      6.5613	      3.3383	      1.7694
     -0.1969	     -0.2980	     -0.2107	      1.2288	      5.3379	      0.4101	      6.6477	      3.4981	      1.9536
     -0.1641	     -0.2994	     -0.2423	      1.1087	      5.4266	      0.3613	      6.7284	      3.6549	      2.1242
     -0.1307	     -0.2998	     -0.2664	      0.9877	      5.5111	      0.3101	      6.8039	      3.8089	      2.2812
     -0.0969	     -0.2994	     -0.2825	      0.8659	      5.5912	      0.2570	      6.8744	      3.9601	      2.4247
     -0.0627	     -0.2980	     -0.2902	      0.7434	      5.6671	      0.2023	      6.9404	      4.1086	      2.5549
     -0.0283	     -0.2956	     -0.2894	      0.6204	      5.7386	      0.1463	      7.0020	      4.2546	      2.6722
      0.0062	     -0.2924	     -0.2800	      0.4970	      5.8058	      0.0894	      7.0596	      4.3982	      2.7766
      0.0407	     -0.2881	     -0.2623	      0.3731	      5.8688	      0.0320	      7.1133	      4.5393	      2.8686
      0.0751	     -0.2827	     -0.2366	      0.2490	      5.9275	     -0.0256	      7.1632	      4.6780	      2.9483
      0.1091	     -0.2761	     -0.2035	      0.1247	      5.9820	     -0.0830	      7.2097	      4.8144	      3.0161
      0.1426	     -0.2683	     -0.1637	      0.0004	      6.0324	     -0.1400	      7.2527	      4.9486	      3.0722
      0.1754	     -0.2593	     -0.1183	     -0.1240	      6.0786	     -0.1962	      7.2924	      5.0805	      3.1168
      0.2073	     -0.2490	     -0.0687	     -0.2483	      6.1207	     -0.2513	      7.3290	      5.2101	      3.1501
      0.2382	     -0.2375	     -0.0165	     -0.3724	      6.1588	     -0.3050	      7.3623	      5.3376	      3.1724
      0.2678	     -0.2247	      0.0363	     -0.4963	      6.1930	     -0.3572	      7.3926	      5.4627	      3.1838
      0.2960	     -0.2109	      0.0877	     -0.6198	      6.2234	     -0.4075	      7.4198	      5.5857	      3.1844
      0.3229	     -0.1961	      0.1360	     -0.7430	      6.2499	     -0.4559	      7.4441	      5.7063	      3.1744
      0.3483	     -0.1805	      0.1795	     -0.8658	      6.2727	     -0.5019	      7.4653	      5.8247	      3.1539
      0.3722	     -0.1641	      0.2172	     -0.9880	      6.2919	     -0.5456	      7.4835	      5.9407	      3.1230
      0.3946	     -0.1470	      0.2480	     -1.1097	      6.3075	     -0.5868	      7.4988	      6.0544	      3.0818
      0.4154	     -0.1294	      0.2713	     -1.2308	      6.3196	     -0.6253	      7.5110	      6.1656	      3.0303
      0.4348	     -0.1113	      0.2866	     -1.3512	      6.3283	     -0.6610	      7.5201	      6.2743	      2.9688
      0.4525	     -0.0928	      0.2936	     -1.4709	      6.3337	     -0.6939	      7.5261	      6.3804	      2.8971
      0.4687	     -0.0740	      0.2923	     -1.5898	      6.3358	     -0.7238	      7.5290	      6.4838	      2.8154
      0.4832	     -0.0549	      0.2827	     -1.7079	      6.3346	     -0.7507	      7.5286	      6.5844	      2.7238
      0.4960	     -0.0356	      0.2649	     -1.8252	      6.3303	     -0.7745	      7.5249	      6.6821	      2.6223
      0.5070	     -0.0162	      0.2394	     -1.9415	      6.3229	     -0.7952	      7.5178	      6.7768	      2.5110
      0.5161	      0.0032	      0.2067	     -2.0570	      6.3124	     -0.8128	      7.5072	      6.8683	      2.3900
      0.5233	      0.0227	      0.1676	     -2.1714	      6.2990	     -0.8272	      7.4929	      6.9565	      2.2596
      0.5284	      0.0420	      0.1231	     -2.2848	      6.2826	     -0.8384	      7.4749	      7.0412	      2.1198
      0.5313	      0.0612	      0.0745	     -2.3972	      6.2632	     -0.8464	      7.4530	      7.1222	      1.9709
      0.5321	      0.0801	      0.0233	     -2.5085	      6.2410	     -0.8512	      7.4270	      7.1994	      1.8133
      0.5306	      0.0987	     -0.0286	     -2.6186	      6.2160	     -0.8528	      7.3969	      7.2725	      1.6472
      0.5268	      0.1169	     -0.0796	     -2.7276	      6.1881	     -0.8513	      7.3624	      7.3414	      1.4732
      0.5209	      0.1345	     -0.1278	     -2.8353	      6.1575	     -0.8466	      7.3234	      7.4057	      1.2918
      0.5128	      0.1517	     -0.1718	     -2.9417	      6.1241	     -0.8388	      7.2798	      7.4654	      1.1037
      0.5028	      0.1682	     -0.2103	     -3.0469	      6.0880	     -0.8280	      7.2314	      7.5202	      0.9096
      0.4909	      0.1842	     -0.2424	     -3.1506	      6.0491	     -0.8141	      7.1781	      7.5699	      0.7104
      0.4773	      0.1995	     -0.2672	     -3.2530	      6.0075	     -0.7971	      7.1199	      7.6143	      0.5072
      0.4620	      0.2140	     -0.2843	     -3.3539	      5.9633	     -0.7773	      7.0565	      7.6533	      0.3010
      0.4451	      0.2279	     -0.2932	     -3.4533	      5.9163	     -0.7545	      6.9880	      7.6867	      0.0930
      0.4267	      0.2409	     -0.2939	     -3.5511	      5.8667	     -0.7290	      6.9145	      7.7146	     -0.1155
      0.4068	      0.2532	     -0.2862	     -3.6473	      5.8144	     -0.7007	      6.8358	      7.7367	     -0.3234
      0.3856	      0.2646	     -0.2703	     -3.7419	      5.7595	     -0.6698	      6.7521	      7.7531	     -0.5292
      0.3630	      0.2751	     -0.2465	     -3.8347	      5.7019	     -0.6364	      6.6634	      7.7639	     -0.7319
      0.3391	      0.2846	     -0.2153	     -3.9257	      5.6416	     -0.6005	      6.5700	      7.7691	     -0.9303
      0.3140	      0.2930	     -0.1773	     -4.0149	      5.5787	     -0.5622	      6.4719	      7.7688	     -1.1232
      0.2877	      0.3004	     -0.1336	     -4.1021	      5.5131	     -0.5218	      6.3694	      7.7631	     -1.3097
      0.2602	      0.3065	     -0.0853	     -4.1874	      5.4448	     -0.4793	      6.2625	      7.7522	     -1.4889
      0.2316	      0.3114	     -0.0339	     -4.2707	      5.3740	     -0.4349	      6.1516	      7.7362	     -1.6601
      0.2020	      0.3150	      0.0187	     -4.3519	      5.3005	     -0.3888	      6.0367	      7.7154	     -1.8226
      0.1716	      0.3172	      0.0707	     -4.4309	      5.2243	     -0.3410	      5.9182	      7.6898	     -1.9759
      0.1404	      0.3182	      0.1200	     -4.5077	      5.1456	     -0.2919	      5.7961	      7.6596	     -2.1194
      0.1087	      0.3179	      0.1651	     -4.5822	      5.0642	     -0.2415	      5.6707	      7.6249	     -2.2529
      0.0765	      0.3164	      0.2046	     -4.6543	      4.9802	     -0.1901	      5.5421	      7.5860	     -2.3759
      0.0440	      0.3138	      0.2374	     -4.7241	      4.8937	     -0.1379	      5.4105	      7.5430	     -2.4882
      0.0113	      0.3101	      0.2628	     -4.7914	      4.8046	     -0.0851	      5.2760	      7.4960	     -2.5895
     -0.0214	      0.3053	      0.2803	     -4.8562	      4.7130	     -0.0319	      5.1387	      7.4450	     -2.6797
     -0.0541	      0.2994	      0.2894	     -4.9184	      4.6189	      0.0214	      4.9988	      7.3902	     -2.7586
     -0.0865	      0.2925	      0.2899	     -4.9780	      4.5224	      0.0746	      4.8564	      7.3317	     -2.8259
     -0.1187	      0.2845	      0.2820	     -5.0349	      4.4234	      0.1275	      4.7116	      7.2696	     -2.8816
     -0.1503	      0.2753	      0.2657	     -5.0891	      4.3220	      0.1798	      4.5644	      7.2038	     -2.9254
     -0.1814	      0.2651	      0.2414	     -5.1405	      4.2183	      0.2313	      4.4150	      7.1345	     -2.9572
     -0.2116	      0.2537	      0.2095	     -5.1892	      4.1123	      0.2817	      4.2634	      7.0616	     -2.9768
     -0.2409	      0.2413	      0.1709	     -5.2350	      4.0040	      0.3309	      4.1096	      6.9852	     -2.9840
     -0.2691	      0.2278	      0.1265	     -5.2779	      3.8936	      0.3786	      3.9537	      6.9052	     -2.9785
     -0.2961	      0.2133	      0.0777	     -5.3180	      3.7810	      0.4246	      3.7958	      6.8216	     -2.9602
     -0.3216	      0.1978	      0.0261	     -5.3552	      3.6663	      0.4686	      3.6359	      6.7344	     -2.9287
     -0.3456	      0.1813	     -0.0265	     -5.3894	      3.5497	      0.5106	      3.4739	      6.6434	     -2.8838
     -0.3679	      0.1640	     -0.0781	     -5.4206	      3.4311	      0.5501	      3.3100	      6.5487	     -2.8252
     -0.3886	      0.1460	     -0.1269	     -5.4489	      3.3106	      0.5872	      3.1440	      6.4500	     -2.7524
     -0.4076	      0.1274	     -0.1713	     -5.4741	      3.1882	      0.6216	      2.9761	      6.3472	     -2.6651
     -0.4249	      0.1082	     -0.2101	     -5.4963	      3.0641	      0.6531	      2.8062	      6.2402	     -2.5630
     -0.4406	      0.0886	     -0.2423	     -5.5155	      2.9383	      0.6817	      2.6343	      6.1288	     -2.4455
     -0.4545	      0.0686	     -0.2671	     -5.5315	      2.8108	      0.7070	      2.4603	      6.0126	     -2.3124
     -0.4668	      0.0485	     -0.2841	     -5.5445	      2.6818	      0.7291	      2.2844	      5.8915	     -2.1632
     -0.4775	      0.0281	     -0.2929	     -5.5544	      2.5513	      0.7477	      2.1063	      5.7650	     -1.9976
     -0.4865	      0.0077	     -0.2934	     -5.5610	      2.4193	      0.7628	      1.9262	      5.6328	     -1.8153
     -0.4938	     -0.0128	     -0.2855	     -5.5645	      2.2859	      0.7743	      1.7439	      5.4945	     -1.6164
     -0.4993	     -0.0332	     -0.2694	     -5.5648	      2.1511	      0.7820	      1.5596	      5.3495	     -1.4009
     -0.5031	     -0.0535	     -0.2456	     -5.5618	      2.0152	      0.7860	      1.3731	      5.1972	     -1.1695
     -0.5050	     -0.0736	     -0.2144	     -5.5555	      1.8780	      0.7860	      1.1845	      5.0371	     -0.9232
     -0.5051	     -0.0935	     -0.1766	     -5.5458	      1.7397	      0.7820	      0.9940	      4.8687	     -0.6638
     -0.5032	     -0.1129	     -0.1332	     -5.5327	      1.6003	      0.7741	      0.8016	      4.6912	     -0.3940
     -0.4992	     -0.1319	     -0.0853	     -5.5161	      1.4598	      0.7621	      0.6076	      4.5043	     -0.1175
     -0.4932	     -0.1504	     -0.0345	     -5.4960	      1.3185	      0.7460	      0.4122	      4.3078	      0.1612
     -0.4850	     -0.1682	      0.0175	     -5.4723	      1.1763	      0.7259	      0.2160	      4.1019	      0.4369
     -0.4748	     -0.1853	      0.0688	     -5.4449	      1.0333	      0.7016	      0.0192	      3.8872	      0.7041
     -0.4626	     -0.2016	      0.1178	     -5.4137	      0.8896	      0.6734	     -0.1777	      3.6644	      0.9581
     -0.4485	     -0.2171	      0.1628	     -5.3787	      0.7452	      0.6411	     -0.3744	      3.4348	      1.1951
     -0.4327	     -0.2318	      0.2025	     -5.3398	      0.6003	      0.6049	     -0.5707	      3.1996	      1.4121
     -0.4152	     -0.2456	      0.2359	     -5.2968	      0.4550	      0.5649	     -0.7664	      2.9598	      1.6072
     -0.3963	     -0.2585	      0.2621	     -5.2497	      0.3092	      0.5212	     -0.9616	      2.7165	      1.7791
     -0.3759	     -0.2705	      0.2806	     -5.1984	      0.1633	      0.4741	     -1.1563	      2.4706	      1.9271
     -0.3542	     -0.2815	      0.2910	     -5.1427	      0.0172	      0.4236	     -1.3507	      2.2227	      2.0508
     -0.3314	     -0.2916	      0.2930	     -5.0827	     -0.1290	      0.3701	     -1.5447	      1.9729	      2.1501
     -0.3074	     -0.3008	      0.2866	     -5.0181	     -0.2750	      0.3138	     -1.7378	      1.7211	      2.2250
     -0.2823	     -0.3089	      0.2719	     -4.9489	     -0.4208	      0.2551	     -1.9294	      1.4673	      2.2756
     -0.2563	     -0.3159	      0.2493	     -4.8751	     -0.5662	      0.1945	     -2.1181	      1.2114	      2.3019
     -0.2294	     -0.3219	      0.2190	     -4.7965	     -0.7110	      0.1322	     -2.3029	      0.9535	      2.3040
     -0.2016	     -0.3266	      0.1819	     -4.7132	     -0.8551	      0.0688	     -2.4828	      0.6941	      2.2821
     -0.1731	     -0.3302	      0.1388	     -4.6250	     -0.9984	      0.0049	     -2.6572	      0.4337	      2.2362
     -0.1438	     -0.3324	      0.0909	     -4.5321	     -1.1406	     -0.0591	     -2.8257	      0.1730	      2.1664
     -0.1140	     -0.3333	      0.0397	     -4.4343	     -1.2817	     -0.1226	     -2.9883	     -0.0876	      2.0727
     -0.0836	     -0.3327	     -0.0130	     -4.3317	     -1.4213	     -0.1850	     -3.1450	     -0.3477	      1.9554
     -0.0529	     -0.3307	     -0.0652	     -4.2245	     -1.5595	     -0.2456	     -3.2955	     -0.6069	      1.8147
     -0.0219	     -0.3273	     -0.1149	     -4.1126	     -1.6959	     -0.3040	     -3.4396	     -0.8646	      1.6512
      0.0092	     -0.3225	     -0.1606	     -3.9961	     -1.8304	     -0.3595	     -3.5772	     -1.1206	      1.4655
      0.0403	     -0.3165	     -0.2007	     -3.8752	     -1.9630	     -0.4117	     -3.7077	     -1.3742	      1.2589
      0.0712	     -0.3092	     -0.2343	     -3.7500	     -2.0933	     -0.4601	     -3.8307	     -1.6250	      1.0331
      0.1019	     -0.3007	     -0.2606	     -3.6206	     -2.2214	     -0.5041	     -3.9457	     -1.8724	      0.7908
      0.1322	     -0.2911	     -0.2789	     -3.4872	     -2.3470	     -0.5433	     -4.0522	     -2.1157	      0.5351
      0.1619	     -0.2804	     -0.2889	     -3.3499	     -2.4699	     -0.5775	     -4.1498	     -2.3543	      0.2701
      0.1910	     -0.2686	     -0.2904	     -3.2088	     -2.5902	     -0.6063	     -4.2384	     -2.5878	      0.0005
      0.2194	     -0.2558	     -0.2835	     -3.0642	     -2.7076	     -0.6294	     -4.3180	     -2.8157	     -0.2692
      0.2469	     -0.2420	     -0.2682	     -2.9162	     -2.8219	     -0.6466	     -4.3889	     -3.0380	     -0.5345
      0.2734	     -0.2273	     -0.2448	     -2.7649	     -2.9332	     -0.6578	     -4.4516	     -3.2547	     -0.7917
      0.2988	     -0.2117	     -0.2139	     -2.6105	     -3.0411	     -0.6627	     -4.5067	     -3.4657	     -1.0379
      0.3230	     -0.1952	     -0.1761	     -2.4531	     -3.1456	     -0.6614	     -4.5548	     -3.6713	     -1.2711
      0.3457	     -0.1778	     -0.1326	     -2.2929	     -3.2465	     -0.6538	     -4.5965	     -3.8718	     -1.4897
      0.3670	     -0.1597	     -0.0844	     -2.1301	     -3.3436	     -0.6400	     -4.6324	     -4.0674	     -1.6929
      0.3866	     -0.1409	     -0.0333	     -1.9648	     -3.4369	     -0.6199	     -4.6629	     -4.2583	     -1.8803
      0.4044	     -0.1215	      0.0191	     -1.7971	     -3.5260	     -0.5938	     -4.6885	     -4.4447	     -2.0516
      0.4203	     -0.1015	      0.0708	     -1.6273	     -3.6109	     -0.5618	     -4.7096	     -4.6268	     -2.2070
      0.4344	     -0.0811	      0.1199	     -1.4554	     -3.6914	     -0.5241	     -4.7266	     -4.8049	     -2.3465
      0.4466	     -0.0603	      0.1650	     -1.2818	     -3.7672	     -0.4812	     -4.7397	     -4.9790	     -2.4704
      0.4570	     -0.0392	      0.2046	     -1.1065	     -3.8383	     -0.4332	     -4.7492	     -5.1494	     -2.5791
      0.4657	     -0.0181	      0.2377	     -0.9298	     -3.9045	     -0.3808	     -4.7554	     -5.3161	     -2.6727
      0.4726	      0.0032	      0.2637	     -0.7520	     -3.9656	     -0.3243	     -4.7583	     -5.4792	     -2.7517
      0.4778	      0.0244	      0.2818	     -0.5731	     -4.0215	     -0.2644	     -4.7582	     -5.6389	     -2.8164
      0.4813	      0.0455	      0.2919	     -0.3935	     -4.0721	     -0.2017	     -4.7552	     -5.7951	     -2.8670
      0.4831	      0.0665	      0.2936	     -0.2134	     -4.1173	     -0.1368	     -4.7495	     -5.9478	     -2.9038
      0.4833	      0.0873	      0.2870	     -0.0330	     -4.1570	     -0.0705	     -4.7410	     -6.0972	     -2.9271
      0.4817	      0.1077	      0.2722	      0.1474	     -4.1913	     -0.0034	     -4.7298	     -6.2432	     -2.9371
      0.4785	      0.1278	      0.2495	      0.3276	     -4.2201	      0.0637	     -4.7161	     -6.3858	     -2.9339
      0.4735	      0.1474	      0.2194	      0.5074	     -4.2435	      0.1302	     -4.6998	     -6.5249	     -2.9178
      0.4668	      0.1664	      0.1825	      0.6865	     -4.2615	      0.1954	     -4.6811	     -6.6606	     -2.8888
      0.4583	      0.1848	      0.1399	      0.8648	     -4.2743	      0.2586	     -4.6598	     -6.7926	     -2.8472
      0.4479	      0.2025	      0.0925	      1.0420	     -4.2820	      0.3192	     -4.6360	     -6.9211	     -2.7930
      0.4356	      0.2193	      0.0420	      1.2180	     -4.2847	      0.3769	     -4.6096	     -7.0457	     -2.7264
      0.4215	      0.2352	     -0.0100	      1.3927	     -4.2825	      0.4312	     -4.5808	     -7.1665	     -2.6474
      0.4056	      0.2501	     -0.0617	      1.5657	     -4.2756	      0.4816	     -4.5493	     -7.2832	     -2.5562
      0.3879	      0.2639	     -0.1112	      1.7371	     -4.2642	      0.5279	     -4.5153	     -7.3957	     -2.4528
      0.3686	      0.2766	     -0.1568	      1.9068	     -4.2484	      0.5698	     -4.4785	     -7.5039	     -2.3375
      0.3479	      0.2882	     -0.1973	      2.0745	     -4.2283	      0.6072	     -4.4390	     -7.6074	     -2.2105
      0.3259	      0.2988	     -0.2315	      2.2402	     -4.2042	      0.6398	     -4.3967	     -7.7061	     -2.0719
      0.3027	      0.3082	     -0.2586	      2.4038	     -4.1761	      0.6676	     -4.3515	     -7.7997	     -1.9220
      0.2784	      0.3166	     -0.2779	      2.5652	     -4.1443	      0.6904	     -4.3033	     -7.8879	     -1.7612
      0.2531	      0.3239	     -0.2891	      2.7243	     -4.1088	      0.7084	     -4.2520	     -7.9705	     -1.5901
      0.2270	      0.3301	     -0.2920	      2.8810	     -4.0697	      0.7214	     -4.1975	     -8.0471	     -1.4092
      0.2001	      0.3352	     -0.2864	      3.0354	     -4.0272	      0.7295	     -4.1397	     -8.1174	     -1.2193
      0.1725	      0.3392	     -0.2725	      3.1872	     -3.9814	      0.7327	     -4.0786	     -8.1812	     -1.0212
      0.1443	      0.3420	     -0.2505	      3.3364	     -3.9324	      0.7311	     -4.0141	     -8.2381	     -0.8161
      0.1157	      0.3436	     -0.2208	      3.4830	     -3.8802	      0.7249	     -3.9460	     -8.2878	     -0.6051
      0.0865	      0.3440	     -0.1842	      3.6269	     -3.8250	      0.7140	     -3.8745	     -8.3302	     -0.3897
      0.0571	      0.3430	     -0.1415	      3.7680	     -3.7669	      0.6987	     -3.7994	     -8.3649	     -0.1714
      0.0273	      0.3407	     -0.0938	      3.9062	     -3.7059	      0.6791	     -3.7209	     -8.3920	      0.0482
     -0.0025	      0.3369	     -0.0428	      4.0414	     -3.6421	      0.6553	     -3.6389	     -8.4113	      0.2675
     -0.0323	      0.3316	      0.0098	      4.1736	     -3.5756	      0.6275	     -3.5535	     -8.4229	      0.4847
     -0.0620	      0.3248	      0.0621	      4.3028	     -3.5065	      0.5960	     -3.4649	     -8.4268	      0.6982
     -0.0915	      0.3166	      0.1120	      4.4288	     -3.4348	      0.5609	     -3.3733	     -8.4233	      0.9067
     -0.1205	      0.3069	      0.1579	      4.5515	     -3.3605	      0.5225	     -3.2787	     -8.4124	      1.1086
     -0.1490	      0.2960	      0.1985	      4.6710	     -3.2839	      0.4809	     -3.1813	     -8.3944	      1.3028
     -0.1769	      0.2839	      0.2325	      4.7870	     -3.2049	      0.4366	     -3.0814	     -8.3696	      1.4883
     -0.2041	      0.2706	      0.2593	      4.8997	     -3.1236	      0.3897	     -2.9791	     -8.3382	      1.6642
     -0.2305	      0.2563	      0.2781	      5.0089	     -3.0400	      0.3406	     -2.8745	     -8.3006	      1.8298
     -0.2560	      0.2410	      0.2887	      5.1145	     -2.9544	      0.2895	     -2.7678	     -8.2570	      1.9844
     -0.2805	      0.2248	      0.2909	      5.2165	     -2.8666	      0.2368	     -2.6592	     -8.2076	      2.1277
     -0.3040	      0.2078	      0.2846	      5.3150	     -2.7769	      0.1827	     -2.5488	     -8.1528	      2.2591
     -0.3263	      0.1900	      0.2700	      5.4097	     -2.6852	      0.1275	     -2.4368	     -8.0926	      2.3785
     -0.3473	      0.1715	      0.2473	      5.5008	     -2.5917	      0.0717	     -2.3233	     -8.0274	      2.4856
     -0.3670	      0.1523	      0.2171	      5.5881	     -2.4965	      0.0155	     -2.2083	     -7.9573	      2.5802
     -0.3852	      0.1326	      0.1800	      5.6718	     -2.3996	     -0.0409	     -2.0920	     -7.8825	      2.6621
     -0.4019	      0.1123	      0.1371	      5.7517	     -2.3012	     -0.0970	     -1.9745	     -7.8031	      2.7311
     -0.4168	      0.0915	      0.0894	      5.8279	     -2.2012	     -0.1525	     -1.8559	     -7.7192	      2.7872
     -0.4299	      0.0703	      0.0386	      5.9004	     -2.0999	     -0.2073	     -1.7362	     -7.6310	      2.8302
     -0.4410	      0.0488	     -0.0136	      5.9691	     -1.9972	     -0.2610	     -1.6155	     -7.5384	      2.8599
     -0.4502	      0.0271	     -0.0653	      6.0342	     -1.8933	     -0.3134	     -1.4940	     -7.4415	      2.8762
     -0.4574	      0.0053	     -0.1147	      6.0957	     -1.7883	     -0.3643	     -1.3715	     -7.3404	      2.8788
     -0.4627	     -0.0165	     -0.1601	      6.1535	     -1.6822	     -0.4133	     -1.2483	     -7.2351	      2.8676
     -0.4661	     -0.0383	     -0.2003	      6.2078	     -1.5751	     -0.4604	     -1.1244	     -7.1255	      2.8424
     -0.4677	     -0.0599	     -0.2341	      6.2585	     -1.4671	     -0.5054	     -0.9997	     -7.0116	      2.8029
     -0.4676	     -0.0813	     -0.2608	      6.3057	     -1.3583	     -0.5480	     -0.8744	     -6.8933	      2.7488
     -0.4658	     -0.1024	     -0.2798	      6.3495	     -1.2487	     -0.5881	     -0.7486	     -6.7705	      2.6798
     -0.4623	     -0.1232	     -0.2908	      6.3898	     -1.1385	     -0.6256	     -0.6223	     -6.6431	      2.5955
     -0.4573	     -0.1435	     -0.2934	      6.4267	     -1.0277	     -0.6604	     -0.4955	     -6.5110	      2.4956
     -0.4506	     -0.1633	     -0.2877	      6.4602	     -0.9163	     -0.6924	     -0.3683	     -6.3738	      2.3798
     -0.4424	     -0.1826	     -0.2737	      6.4905	     -0.8045	     -0.7214	     -0.2408	     -6.2314	      2.2477
     -0.4327	     -0.2012	     -0.2518	      6.5174	     -0.6923	     -0.7474	     -0.1131	     -6.0836	      2.0990
     -0.4213	     -0.2191	     -0.2224	      6.5411	     -0.5797	     -0.7704	      0.0147	     -5.9299	      1.9335
     -0.4084	     -0.2361	     -0.1862	      6.5616	     -0.4668	     -0.7902	      0.1425	     -5.7699	      1.7509
     -0.3940	     -0.2523	     -0.1439	      6.5789	     -0.3537	     -0.8069	      0.2701	     -5.6033	      1.5513
     -0.3779	     -0.2674	     -0.0969	      6.5930	     -0.2404	     -0.8204	      0.3974	     -5.4296	      1.3352
     -0.3603	     -0.2815	     -0.0465	      6.6039	     -0.1271	     -0.8306	      0.5242	     -5.2482	      1.1032
     -0.3411	     -0.2943	      0.0055	      6.6117	     -0.0136	     -0.8376	      0.6501	     -5.0586	      0.8566
     -0.3204	     -0.3058	      0.0574	      6.6164	      0.0998	     -0.8413	      0.7749	     -4.8602	      0.5975
     -0.2984	     -0.3160	      0.1072	      6.6179	      0.2132	     -0.8417	      0.8982	     -4.6527	      0.3287
     -0.2751	     -0.3250	      0.1532	      6.6163	      0.3265	     -0.8389	      1.0198	     -4.4356	      0.0543
     -0.2507	     -0.3326	      0.1942	      6.6116	      0.4397	     -0.8328	      1.1391	     -4.2089	     -0.2211
     -0.2253	     -0.3390	      0.2288	      6.6038	      0.5526	     -0.8235	      1.2561	     -3.9731	     -0.4923
     -0.1992	     -0.3441	      0.2564	      6.5928	      0.6653	     -0.8110	      1.3703	     -3.7288	     -0.7543
     -0.1723	     -0.3481	      0.2762	      6.5787	      0.7777	     -0.7953	      1.4818	     -3.4768	     -1.0026
     -0.1448	     -0.3508	      0.2879	      6.5615	      0.8897	     -0.7765	      1.5907	     -3.2183	     -1.2335
     -0.1168	     -0.3524	      0.2912	      6.5411	      1.0012	     -0.7546	      1.6970	     -2.9544	     -1.4446
     -0.0884	     -0.3527	      0.2860	      6.5175	      1.1123	     -0.7296	      1.8009	     -2.6860	     -1.6339
     -0.0597	     -0.3519	      0.2725	      6.4907	      1.2228	     -0.7017	      1.9027	     -2.4140	     -1.8004
     -0.0308	     -0.3499	      0.2508	      6.4607	      1.3327	     -0.6709	      2.0026	     -2.1391	     -1.9435
     -0.0018	     -0.3466	      0.2215	      6.4274	      1.4420	     -0.6373	      2.1008	     -1.8620	     -2.0626
      0.0272	     -0.3420	      0.1851	      6.3909	      1.5505	     -0.6011	      2.1975	     -1.5829	     -2.1577
      0.0562	     -0.3361	      0.1426	      6.3510	      1.6582	     -0.5623	      2.2923	     -1.3021	     -2.2288
      0.0849	     -0.3287	      0.0952	      6.3078	      1.7651	     -0.5210	      2.3851	     -1.0198	     -2.2759
      0.1132	     -0.3199	      0.0443	      6.2613	      1.8710	     -0.4775	      2.4750	     -0.7361	     -2.2989
      0.1411	     -0.3096	     -0.0082	      6.2113	      1.9758	     -0.4318	      2.5615	     -0.4514	     -2.2981
      0.1682	     -0.2979	     -0.0605	      6.1579	      2.0796	     -0.3842	      2.6439	     -0.1662	     -2.2733
      0.1946	     -0.2848	     -0.1104	      6.1011	      2.1823	     -0.3347	      2.7215	      0.1190	     -2.2246
      0.2201	     -0.2705	     -0.1565	      6.0408	      2.2837	     -0.2838	      2.7939	      0.4037	     -2.1520
      0.2446	     -0.2549	     -0.1972	      5.9771	      2.3838	     -0.2314	      2.8611	      0.6872	     -2.0555
      0.2682	     -0.2384	     -0.2314	      5.9098	      2.4824	     -0.1780	      2.9228	      0.9691	     -1.9353
      0.2906	     -0.2209	     -0.2585	      5.8391	      2.5797	     -0.1237	      2.9788	      1.2488	     -1.7915
      0.3120	     -0.2025	     -0.2777	      5.7648	      2.6753	     -0.0687	      3.0291	      1.5259	     -1.6246
      0.3322	     -0.1834	     -0.2887	      5.6870	      2.7694	     -0.0135	      3.0734	      1.7998	     -1.4353
      0.3511	     -0.1637	     -0.2913	      5.6058	      2.8617	      0.0419	      3.1115	      2.0699	     -1.2247
